/*--------------------------------*- C++ -*----------------------------------*\
  =========                 |
  \\      /  F ield         | OpenFOAM: The Open Source CFD Toolbox
   \\    /   O peration     | Website:  https://openfoam.org
    \\  /    A nd           | Version:  7
     \\/     M anipulation  |
\*---------------------------------------------------------------------------*/
FoamFile
{
    version     2.0;
    format      ascii;
    class       volVectorField;
    location    "0";
    object      U;
}
// * * * * * * * * * * * * * * * * * * * * * * * * * * * * * * * * * * * * * //

dimensions      [0 1 -1 0 0 0 0];

internalField   uniform (0 0 0);

boundaryField
{
    bottomWall
    {
        type            noSlip;
    }
    inlet
    {
        type            fixedValue;
        value           nonuniform List<vector> 
650
(
(-0.512571 1.00567 0)
(-0.57753 0.969823 0)
(-0.603853 1.18476 0)
(-0.680379 1.14253 0)
(-0.64643 1.2683 0)
(-0.728352 1.22309 0)
(-0.674539 1.32345 0)
(-0.760024 1.27628 0)
(-0.695578 1.36473 0)
(-0.78373 1.31609 0)
(-0.712413 1.39776 0)
(-0.802698 1.34794 0)
(-0.726456 1.42531 0)
(-0.818521 1.37451 0)
(-0.73851 1.44896 0)
(-0.832102 1.39732 0)
(-0.749074 1.46969 0)
(-0.844005 1.4173 0)
(-0.758481 1.48814 0)
(-0.854604 1.4351 0)
(-0.766962 1.50478 0)
(-0.86416 1.45115 0)
(-0.774686 1.51994 0)
(-0.872863 1.46576 0)
(-0.78178 1.53386 0)
(-0.880856 1.47918 0)
(-0.78834 1.54673 0)
(-0.888248 1.4916 0)
(-0.794444 1.5587 0)
(-0.895125 1.50315 0)
(-0.800152 1.5699 0)
(-0.901556 1.51395 0)
(-0.805513 1.58042 0)
(-0.907596 1.52409 0)
(-0.810568 1.59034 0)
(-0.913293 1.53366 0)
(-0.815352 1.59973 0)
(-0.918683 1.54271 0)
(-0.819894 1.60864 0)
(-0.9238 1.5513 0)
(-0.824216 1.61712 0)
(-0.92867 1.55948 0)
(-0.82834 1.62521 0)
(-0.933317 1.56728 0)
(-0.832285 1.63295 0)
(-0.937762 1.57474 0)
(-0.836066 1.64037 0)
(-0.942021 1.5819 0)
(-0.839696 1.64749 0)
(-0.946112 1.58877 0)
(-0.637329 0.931617 0)
(-0.692048 0.891722 0)
(-0.744478 0.84844 0)
(-0.7944 0.801889 0)
(-0.841598 0.752204 0)
(-0.885863 0.699532 0)
(-0.926993 0.644036 0)
(-0.964794 0.585893 0)
(-0.999081 0.525294 0)
(-1.02968 0.462444 0)
(-1.05643 0.39756 0)
(-1.07918 0.330872 0)
(-1.09778 0.262622 0)
(-1.11213 0.193063 0)
(-1.1221 0.122459 0)
(-1.1276 0.0510826 0)
(-1.12857 -0.0207841 0)
(-1.12493 -0.0928517 0)
(-1.11666 -0.164824 0)
(-1.10373 -0.236399 0)
(-1.08613 -0.307271 0)
(-1.06389 -0.377131 0)
(-1.03705 -0.445668 0)
(-1.00567 -0.512571 0)
(-0.750827 1.09752 0)
(-0.815291 1.05052 0)
(-0.877058 0.999534 0)
(-0.93587 0.944693 0)
(-0.991474 0.88616 0)
(-1.04362 0.824108 0)
(-1.09208 0.758729 0)
(-1.13661 0.690232 0)
(-1.177 0.618841 0)
(-1.21305 0.544798 0)
(-1.24456 0.468359 0)
(-1.27136 0.389795 0)
(-1.29328 0.309391 0)
(-1.31018 0.227445 0)
(-1.32193 0.144267 0)
(-1.32841 0.0601796 0)
(-1.32955 -0.0244855 0)
(-1.32527 -0.109387 0)
(-1.31552 -0.194176 0)
(-1.30028 -0.278498 0)
(-1.27955 -0.361991 0)
(-1.25336 -0.444292 0)
(-1.22174 -0.525035 0)
(-1.18476 -0.603853 0)
(-0.803767 1.17491 0)
(-0.872776 1.1246 0)
(-0.938899 1.07001 0)
(-1.00186 1.0113 0)
(-1.06138 0.948642 0)
(-1.11721 0.882215 0)
(-1.16908 0.812226 0)
(-1.21675 0.738899 0)
(-1.25999 0.662475 0)
(-1.29858 0.583212 0)
(-1.33232 0.501383 0)
(-1.361 0.417279 0)
(-1.38447 0.331206 0)
(-1.40256 0.243482 0)
(-1.41513 0.154439 0)
(-1.42208 0.0644228 0)
(-1.42329 -0.0262119 0)
(-1.41871 -0.1171 0)
(-1.40828 -0.207868 0)
(-1.39197 -0.298135 0)
(-1.36978 -0.387515 0)
(-1.34173 -0.475619 0)
(-1.30788 -0.562055 0)
(-1.2683 -0.64643 0)
(-0.838718 1.226 0)
(-0.910727 1.1735 0)
(-0.979725 1.11654 0)
(-1.04542 1.05528 0)
(-1.10753 0.989892 0)
(-1.16579 0.920577 0)
(-1.21991 0.847544 0)
(-1.26966 0.771029 0)
(-1.31478 0.691282 0)
(-1.35505 0.608572 0)
(-1.39025 0.523185 0)
(-1.42018 0.435424 0)
(-1.44467 0.345608 0)
(-1.46355 0.254069 0)
(-1.47667 0.161155 0)
(-1.48391 0.0672242 0)
(-1.48518 -0.0273517 0)
(-1.4804 -0.122192 0)
(-1.46951 -0.216906 0)
(-1.45249 -0.311099 0)
(-1.42934 -0.404366 0)
(-1.40007 -0.496301 0)
(-1.36475 -0.586495 0)
(-1.32345 -0.674539 0)
(-0.864879 1.26424 0)
(-0.939134 1.2101 0)
(-1.01028 1.15136 0)
(-1.07803 1.08819 0)
(-1.14208 1.02077 0)
(-1.20215 0.949291 0)
(-1.25796 0.873981 0)
(-1.30926 0.795079 0)
(-1.35579 0.712844 0)
(-1.39732 0.627554 0)
(-1.43361 0.539504 0)
(-1.46448 0.449006 0)
(-1.48973 0.356388 0)
(-1.5092 0.261994 0)
(-1.52273 0.166181 0)
(-1.5302 0.069321 0)
(-1.53151 -0.0282048 0)
(-1.52658 -0.126003 0)
(-1.51535 -0.223672 0)
(-1.4978 -0.320802 0)
(-1.47392 -0.416978 0)
(-1.44374 -0.511781 0)
(-1.40732 -0.604789 0)
(-1.36473 -0.695578 0)
(-0.885811 1.29484 0)
(-0.961864 1.23939 0)
(-1.03474 1.17923 0)
(-1.10412 1.11453 0)
(-1.16972 1.04547 0)
(-1.23124 0.972266 0)
(-1.28841 0.895133 0)
(-1.34095 0.814321 0)
(-1.3886 0.730097 0)
(-1.43113 0.642742 0)
(-1.46831 0.552561 0)
(-1.49993 0.459873 0)
(-1.52579 0.365013 0)
(-1.54572 0.268335 0)
(-1.55958 0.170203 0)
(-1.56723 0.0709987 0)
(-1.56857 -0.0288875 0)
(-1.56352 -0.129053 0)
(-1.55202 -0.229085 0)
(-1.53405 -0.328566 0)
(-1.50959 -0.42707 0)
(-1.47869 -0.524167 0)
(-1.44138 -0.619426 0)
(-1.39776 -0.712413 0)
(-0.903272 1.32036 0)
(-0.980824 1.26382 0)
(-1.05513 1.20248 0)
(-1.12589 1.1365 0)
(-1.19278 1.06608 0)
(-1.25551 0.991431 0)
(-1.31381 0.912778 0)
(-1.36738 0.830373 0)
(-1.41598 0.744488 0)
(-1.45934 0.655412 0)
(-1.49725 0.563453 0)
(-1.52949 0.468938 0)
(-1.55586 0.372209 0)
(-1.57619 0.273624 0)
(-1.59032 0.173558 0)
(-1.59813 0.0723982 0)
(-1.59949 -0.0294569 0)
(-1.59434 -0.131597 0)
(-1.58262 -0.233601 0)
(-1.56429 -0.335043 0)
(-1.53935 -0.435489 0)
(-1.50783 -0.5345 0)
(-1.46979 -0.631636 0)
(-1.42531 -0.726456 0)
(-0.91826 1.34227 0)
(-0.997098 1.28479 0)
(-1.07264 1.22243 0)
(-1.14457 1.15536 0)
(-1.21257 1.08377 0)
(-1.27635 1.00788 0)
(-1.33561 0.927923 0)
(-1.39007 0.844151 0)
(-1.43947 0.756841 0)
(-1.48356 0.666287 0)
(-1.5221 0.572802 0)
(-1.55487 0.476719 0)
(-1.58168 0.378384 0)
(-1.60234 0.278164 0)
(-1.61671 0.176438 0)
(-1.62464 0.0735995 0)
(-1.62603 -0.0299457 0)
(-1.6208 -0.13378 0)
(-1.60888 -0.237477 0)
(-1.59024 -0.340602 0)
(-1.56489 -0.442715 0)
(-1.53285 -0.543369 0)
(-1.49418 -0.642116 0)
(-1.44896 -0.73851 0)
(-0.931395 1.36147 0)
(-1.01136 1.30317 0)
(-1.08798 1.23991 0)
(-1.16094 1.17188 0)
(-1.22991 1.09927 0)
(-1.2946 1.0223 0)
(-1.35471 0.941197 0)
(-1.40995 0.856227 0)
(-1.46006 0.767667 0)
(-1.50478 0.675818 0)
(-1.54387 0.580996 0)
(-1.57711 0.483538 0)
(-1.6043 0.383797 0)
(-1.62527 0.282143 0)
(-1.63984 0.178962 0)
(-1.64788 0.0746523 0)
(-1.64929 -0.030374 0)
(-1.64398 -0.135694 0)
(-1.63189 -0.240874 0)
(-1.61299 -0.345475 0)
(-1.58728 -0.449047 0)
(-1.55478 -0.551141 0)
(-1.51555 -0.651302 0)
(-1.46969 -0.749074 0)
(-0.943091 1.37857 0)
(-1.02406 1.31953 0)
(-1.10165 1.25548 0)
(-1.17552 1.1866 0)
(-1.24536 1.11308 0)
(-1.31086 1.03514 0)
(-1.37172 0.953016 0)
(-1.42766 0.866979 0)
(-1.4784 0.777307 0)
(-1.52368 0.684305 0)
(-1.56326 0.588292 0)
(-1.59692 0.48961 0)
(-1.62445 0.388617 0)
(-1.64567 0.285686 0)
(-1.66043 0.181209 0)
(-1.66858 0.0755898 0)
(-1.67 -0.0307554 0)
(-1.66463 -0.137398 0)
(-1.65238 -0.243899 0)
(-1.63325 -0.349813 0)
(-1.60721 -0.454686 0)
(-1.5743 -0.558062 0)
(-1.53458 -0.65948 0)
(-1.48814 -0.758481 0)
(-0.953636 1.39398 0)
(-1.03551 1.33429 0)
(-1.11396 1.26952 0)
(-1.18866 1.19987 0)
(-1.25928 1.12552 0)
(-1.32552 1.04671 0)
(-1.38706 0.963672 0)
(-1.44362 0.876673 0)
(-1.49493 0.785999 0)
(-1.54071 0.691956 0)
(-1.58074 0.59487 0)
(-1.61477 0.495085 0)
(-1.64261 0.392962 0)
(-1.66408 0.288881 0)
(-1.679 0.183236 0)
(-1.68723 0.076435 0)
(-1.68868 -0.0310993 0)
(-1.68324 -0.138934 0)
(-1.67086 -0.246626 0)
(-1.65151 -0.353724 0)
(-1.62518 -0.45977 0)
(-1.59191 -0.564302 0)
(-1.55174 -0.666854 0)
(-1.50478 -0.766962 0)
(-0.963241 1.40802 0)
(-1.04594 1.34772 0)
(-1.12518 1.28231 0)
(-1.20063 1.21195 0)
(-1.27197 1.13686 0)
(-1.33887 1.05725 0)
(-1.40103 0.973377 0)
(-1.45816 0.885502 0)
(-1.50998 0.793915 0)
(-1.55623 0.698925 0)
(-1.59666 0.600861 0)
(-1.63104 0.500071 0)
(-1.65916 0.39692 0)
(-1.68084 0.29179 0)
(-1.69591 0.185081 0)
(-1.70423 0.0772048 0)
(-1.70569 -0.0314125 0)
(-1.70019 -0.140333 0)
(-1.68769 -0.24911 0)
(-1.66814 -0.357287 0)
(-1.64155 -0.464401 0)
(-1.60794 -0.569985 0)
(-1.56737 -0.67357 0)
(-1.51994 -0.774686 0)
(-0.972061 1.42091 0)
(-1.05552 1.36006 0)
(-1.13549 1.29405 0)
(-1.21163 1.22305 0)
(-1.28361 1.14727 0)
(-1.35113 1.06693 0)
(-1.41386 0.982291 0)
(-1.47151 0.893611 0)
(-1.52381 0.801185 0)
(-1.57048 0.705325 0)
(-1.61128 0.606363 0)
(-1.64597 0.50465 0)
(-1.67435 0.400554 0)
(-1.69623 0.294462 0)
(-1.71143 0.186776 0)
(-1.71983 0.0779118 0)
(-1.7213 -0.0317002 0)
(-1.71576 -0.141618 0)
(-1.70314 -0.251391 0)
(-1.68342 -0.360558 0)
(-1.65658 -0.468653 0)
(-1.62266 -0.575205 0)
(-1.58172 -0.679738 0)
(-1.53386 -0.78178 0)
(-0.980218 1.43284 0)
(-1.06438 1.37148 0)
(-1.14502 1.30491 0)
(-1.2218 1.23331 0)
(-1.29439 1.1569 0)
(-1.36247 1.07589 0)
(-1.42572 0.990534 0)
(-1.48386 0.90111 0)
(-1.5366 0.807908 0)
(-1.58366 0.711244 0)
(-1.6248 0.611452 0)
(-1.65978 0.508885 0)
(-1.6884 0.403916 0)
(-1.71046 0.296933 0)
(-1.7258 0.188343 0)
(-1.73427 0.0785656 0)
(-1.73575 -0.0319662 0)
(-1.73016 -0.142807 0)
(-1.71744 -0.253501 0)
(-1.69754 -0.363584 0)
(-1.67048 -0.472586 0)
(-1.63628 -0.580032 0)
(-1.595 -0.685443 0)
(-1.54673 -0.78834 0)
(-0.987808 1.44393 0)
(-1.07262 1.3821 0)
(-1.15388 1.31501 0)
(-1.23126 1.24286 0)
(-1.30441 1.16585 0)
(-1.37302 1.08422 0)
(-1.43676 0.998203 0)
(-1.49535 0.908086 0)
(-1.54849 0.814163 0)
(-1.59592 0.716751 0)
(-1.63738 0.616186 0)
(-1.67264 0.512825 0)
(-1.70147 0.407043 0)
(-1.7237 0.299232 0)
(-1.73916 0.189801 0)
(-1.74769 0.0791739 0)
(-1.74919 -0.0322137 0)
(-1.74356 -0.143913 0)
(-1.73073 -0.255464 0)
(-1.71069 -0.366399 0)
(-1.68342 -0.476245 0)
(-1.64895 -0.584523 0)
(-1.60735 -0.69075 0)
(-1.5587 -0.794444 0)
(-0.994904 1.4543 0)
(-1.08032 1.39203 0)
(-1.16217 1.32446 0)
(-1.2401 1.25179 0)
(-1.31378 1.17423 0)
(-1.38288 1.09201 0)
(-1.44709 1.00537 0)
(-1.50609 0.914611 0)
(-1.55962 0.820013 0)
(-1.60739 0.7219 0)
(-1.64914 0.620613 0)
(-1.68465 0.516509 0)
(-1.7137 0.409967 0)
(-1.73609 0.301382 0)
(-1.75165 0.191165 0)
(-1.76025 0.0797427 0)
(-1.76176 -0.0324451 0)
(-1.75608 -0.144946 0)
(-1.74317 -0.257299 0)
(-1.72298 -0.369032 0)
(-1.69551 -0.479667 0)
(-1.6608 -0.588722 0)
(-1.61889 -0.695712 0)
(-1.5699 -0.800152 0)
(-1.00157 1.46405 0)
(-1.08756 1.40135 0)
(-1.16996 1.33333 0)
(-1.24841 1.26018 0)
(-1.32258 1.1821 0)
(-1.39215 1.09932 0)
(-1.45678 1.01211 0)
(-1.51619 0.920739 0)
(-1.57007 0.825507 0)
(-1.61816 0.726737 0)
(-1.66019 0.624771 0)
(-1.69594 0.51997 0)
(-1.72518 0.412714 0)
(-1.74772 0.303401 0)
(-1.76339 0.192446 0)
(-1.77204 0.080277 0)
(-1.77356 -0.0326625 0)
(-1.76785 -0.145918 0)
(-1.75485 -0.259023 0)
(-1.73452 -0.371504 0)
(-1.70687 -0.482881 0)
(-1.67192 -0.592667 0)
(-1.62974 -0.700374 0)
(-1.58042 -0.805513 0)
(-1.00786 1.47324 0)
(-1.09439 1.41015 0)
(-1.1773 1.3417 0)
(-1.25625 1.26809 0)
(-1.33088 1.18952 0)
(-1.40088 1.10622 0)
(-1.46592 1.01846 0)
(-1.5257 0.926518 0)
(-1.57992 0.830688 0)
(-1.62831 0.731299 0)
(-1.67061 0.628692 0)
(-1.70658 0.523233 0)
(-1.73601 0.415304 0)
(-1.75869 0.305306 0)
(-1.77446 0.193654 0)
(-1.78316 0.0807808 0)
(-1.78469 -0.0328675 0)
(-1.77894 -0.146833 0)
(-1.76586 -0.260649 0)
(-1.74541 -0.373836 0)
(-1.71758 -0.485911 0)
(-1.68242 -0.596386 0)
(-1.63997 -0.704769 0)
(-1.59034 -0.810568 0)
(-1.01381 1.48193 0)
(-1.10085 1.41847 0)
(-1.18425 1.34962 0)
(-1.26366 1.27557 0)
(-1.33874 1.19654 0)
(-1.40915 1.11275 0)
(-1.47458 1.02447 0)
(-1.53471 0.931986 0)
(-1.58925 0.835591 0)
(-1.63792 0.735615 0)
(-1.68047 0.632403 0)
(-1.71666 0.526322 0)
(-1.74625 0.417756 0)
(-1.76907 0.307108 0)
(-1.78493 0.194797 0)
(-1.79369 0.0812576 0)
(-1.79522 -0.0330615 0)
(-1.78944 -0.1477 0)
(-1.77628 -0.262187 0)
(-1.75571 -0.376042 0)
(-1.72772 -0.488779 0)
(-1.69235 -0.599906 0)
(-1.64965 -0.708929 0)
(-1.59973 -0.815352 0)
(-1.01945 1.49019 0)
(-1.10698 1.42637 0)
(-1.19084 1.35714 0)
(-1.2707 1.28268 0)
(-1.34619 1.2032 0)
(-1.417 1.11895 0)
(-1.48279 1.03018 0)
(-1.54325 0.937177 0)
(-1.5981 0.840245 0)
(-1.64705 0.739712 0)
(-1.68983 0.635925 0)
(-1.72622 0.529253 0)
(-1.75598 0.420082 0)
(-1.77892 0.308818 0)
(-1.79487 0.195882 0)
(-1.80368 0.0817102 0)
(-1.80522 -0.0332457 0)
(-1.79941 -0.148523 0)
(-1.78618 -0.263647 0)
(-1.76549 -0.378137 0)
(-1.73734 -0.491501 0)
(-1.70177 -0.603247 0)
(-1.65884 -0.712877 0)
(-1.60864 -0.819894 0)
(-1.02483 1.49804 0)
(-1.11281 1.43389 0)
(-1.19712 1.36429 0)
(-1.2774 1.28944 0)
(-1.35329 1.20955 0)
(-1.42447 1.12485 0)
(-1.49061 1.03561 0)
(-1.55139 0.942117 0)
(-1.60652 0.844674 0)
(-1.65573 0.743611 0)
(-1.69874 0.639278 0)
(-1.73532 0.532043 0)
(-1.76524 0.422297 0)
(-1.7883 0.310446 0)
(-1.80433 0.196914 0)
(-1.81319 0.0821409 0)
(-1.81474 -0.0334209 0)
(-1.8089 -0.149306 0)
(-1.79559 -0.265037 0)
(-1.7748 -0.38013 0)
(-1.7465 -0.494093 0)
(-1.71074 -0.606428 0)
(-1.66758 -0.716636 0)
(-1.61712 -0.824216 0)
(-1.02995 1.50554 0)
(-1.11838 1.44107 0)
(-1.20311 1.37112 0)
(-1.28379 1.29589 0)
(-1.36006 1.2156 0)
(-1.4316 1.13048 0)
(-1.49807 1.04079 0)
(-1.55915 0.946832 0)
(-1.61456 0.848901 0)
(-1.66401 0.747332 0)
(-1.70724 0.642477 0)
(-1.744 0.534706 0)
(-1.77407 0.42441 0)
(-1.79725 0.312 0)
(-1.81336 0.1979 0)
(-1.82226 0.082552 0)
(-1.82382 -0.0335882 0)
(-1.81795 -0.150053 0)
(-1.80458 -0.266363 0)
(-1.78368 -0.382032 0)
(-1.75524 -0.496565 0)
(-1.7193 -0.609462 0)
(-1.67593 -0.720222 0)
(-1.62521 -0.82834 0)
(-1.03486 1.51271 0)
(-1.12371 1.44793 0)
(-1.20884 1.37765 0)
(-1.2899 1.30206 0)
(-1.36654 1.22139 0)
(-1.43842 1.13586 0)
(-1.5052 1.04575 0)
(-1.56658 0.951341 0)
(-1.62225 0.852944 0)
(-1.67194 0.750891 0)
(-1.71537 0.645536 0)
(-1.75231 0.537252 0)
(-1.78252 0.426431 0)
(-1.80581 0.313485 0)
(-1.822 0.198842 0)
(-1.83094 0.0829451 0)
(-1.83251 -0.0337481 0)
(-1.82661 -0.150767 0)
(-1.81317 -0.267632 0)
(-1.79217 -0.383852 0)
(-1.7636 -0.49893 0)
(-1.72749 -0.612365 0)
(-1.68391 -0.723652 0)
(-1.63295 -0.832285 0)
(-1.03956 1.51958 0)
(-1.12881 1.45451 0)
(-1.21433 1.38391 0)
(-1.29576 1.30798 0)
(-1.37275 1.22693 0)
(-1.44495 1.14102 0)
(-1.51204 1.0505 0)
(-1.57369 0.955662 0)
(-1.62962 0.856818 0)
(-1.67953 0.754302 0)
(-1.72316 0.648469 0)
(-1.76027 0.539692 0)
(-1.79062 0.428368 0)
(-1.81401 0.314909 0)
(-1.83028 0.199745 0)
(-1.83926 0.0833219 0)
(-1.84083 -0.0339014 0)
(-1.8349 -0.151452 0)
(-1.82141 -0.268848 0)
(-1.80031 -0.385595 0)
(-1.77161 -0.501196 0)
(-1.73534 -0.615146 0)
(-1.69156 -0.726939 0)
(-1.64037 -0.836066 0)
(-1.04407 1.52618 0)
(-1.13371 1.46082 0)
(-1.21961 1.38992 0)
(-1.30139 1.31366 0)
(-1.37871 1.23226 0)
(-1.45122 1.14597 0)
(-1.5186 1.05506 0)
(-1.58053 0.959812 0)
(-1.6367 0.860539 0)
(-1.68683 0.757577 0)
(-1.73065 0.651284 0)
(-1.76791 0.542036 0)
(-1.79839 0.430228 0)
(-1.82189 0.316277 0)
(-1.83822 0.200613 0)
(-1.84724 0.0836836 0)
(-1.84882 -0.0340486 0)
(-1.84287 -0.15211 0)
(-1.82932 -0.270015 0)
(-1.80813 -0.387269 0)
(-1.7793 -0.503372 0)
(-1.74287 -0.617817 0)
(-1.6989 -0.730095 0)
(-1.64749 -0.839696 0)
)
;
    }
    sideWalls
    {
        type            noSlip;
    }
    outlet
    {
        type            zeroGradient;
    }
    topWall
    {
        type            noSlip;
    }
    procBoundary2to0
    {
        type            processor;
        value           uniform (0 0 0);
    }
    procBoundary2to3
    {
        type            processor;
        value           uniform (0 0 0);
    }
    procBoundary2to5
    {
        type            processor;
        value           uniform (0 0 0);
    }
    procBoundary2to7
    {
        type            processor;
        value           uniform (0 0 0);
    }
}


// ************************************************************************* //
